0.765253797708886 70.6255909585371
0.393525293381241 106.843057982099
1.3193169457917 146.727393017339
0.0426440008699123 54.8004284116659
0.573801949906139 41.822837725331
1.08742297984809 83.5315733675236
1.01783833249911 102.982509671631
0.886254303168521 95.3527254134756
1.38649560013144 99.3499006299754
1.33437349845164 120.777907878226
0.506435778430077 113.173277572877
1.47477173826206 120.728183641996
0.844905520755057 96.6097195781094
1.15792963031885 69.7141856543239
0.145073422061912 110.003926982536
1.06509181688574 74.9736115157608
1.09535837398833 89.9610806673454
1.46354548931234 92.4783096117552
0.721840751946075 49.1133820464961
2.58099244052835 84.1620569849273
1.53649637721872 113.8503991583
1.11640273627381 162.09882935786
1.51410082866942 76.8561827454125
1.13855299069491 85.3610226030074
1.34809701198992 58.9700560802485
1.08164435023089 106.832211452606
1.85558056839748 31.7575648481254
0.231786370511357 97.1785169348543
1.58877606705649 105.989013414865
1.42035747472095 132.870038040237
1.21215039731972 134.417795943143
2.09707960093439 134.744872705604
0.319860663707713 107.216542737067
0.567047938355037 36.1356645437118
1.11529379285788 90.9721125020347
0.167196204307017 81.094618255776
0.595522272964884 110.269424217907
0.34733416226671 124.660312119872
0.578269245353551 65.684209557919
0.985241934098862 128.473221494104
1.59189155638188 99.3484419671703
0.56452115126087 111.329634432847
0.709067207058992 73.1681335644325
1.62024237754034 147.684406747888
0.881193853804548 92.2581815534906
0.72970344420696 69.8371414957678
0.675893348927426 77.399316932709
0.0691738568520738 67.6104494626989
0.749233615275125 117.225640786938
1.11187732677504 101.559950734407
